721 673 553
682 624 605
701 602 578
678 483 501
525 467 585
499 432 522
501 517 455
461 449 509
512 449 447
478 453 426
439 412 451
417 424 441
463 465 401
595 407 421
451 426 451
492 432 382
469 412 372
423 389 368
447 400 404
423 428 390
501 389 387
445 416 354
457 382 411
424 416 375
392 355 379
421 401 384
451 382 384
411 390 373
411 343 342
451 400 377
428 343 361
430 342 371
400 369 341
383 349 341
375 297 332
382 373 383
414 322 335
423 340 371
382 351 341
406 358 316
390 341 334
379 324 350
375 350 336
356 350 367
392 331 343
379 347 327
403 380 345
407 367 330
361 321 360
371 342 361
389 327 321
392 322 340
345 345 386
367 348 315
369 358 343
367 351 341
382 363 317
409 365 304
412 342 296
330 301 329
403 325 322
354 325 335
369 309 328
375 348 330
358 304 325
344 316 347
371 373 351
396 295 314
380 334 325
384 332 328
354 334 329
367 329 322
344 325 322
347 342 315
369 350 295
360 349 337
350 310 314
358 325 302
386 311 302
339 312 328
324 328 313
401 331 335
339 327 324
340 312 330
384 320 328
349 311 342
364 323 342
400 329 301
348 314 317
337 323 322
337 371 331
369 322 339
336 304 334
379 359 312
359 329 313
359 336 332
379 342 331
365 322 320
358 320 329
350 309 312
368 325 331
356 314 300
398 305 331
387 323 360
348 340 311
355 305 328
364 304 315
353 328 300
371 340 320
356 300 339
317 347 304
411 341 334
334 310 347
367 303 279
349 337 318
355 315 319
361 344 323
355 329 313
361 326 313
367 321 312
384 320 325
392 328 312
409 334 315
343 329 339
361 325 300
379 341 301
355 341 343
356 358 331
361 333 318
369 322 340
356 299 329
404 355 310
375 307 302
373 306 354
417 329 303
384 341 348
375 290 327
356 376 319
383 321 328
364 340 316
383 311 333
377 330 321
400 287 307
270 290 321
433 345 326
386 400 360
383 354 356
376 331 356
373 360 369
368 340 354
401 313 330
403 356 343
409 403 339
423 336 349
372 336 347
396 331 343
379 371 316
393 353 342
376 384 345
412 392 335
414 341 365
384 342 355
424 364 316
430 318 348
435 369 383
423 386 358
409 333 343
384 339 347
379 358 324
447 377 350
416 329 347
400 359 354
406 383 329
376 345 331
401 337 386
371 348 347
359 331 336
317 318 345
317 292 314
363 359 317
360 344 331
386 345 349
359 354 351
380 345 337
368 318 334
344 358 404
371 356 332
353 361 313
361 333 383
423 372 382
393 341 353
406 349 363
404 359 351
390 344 319
372 312 325
373 331 320
424 343 320
392 342 325
412 331 336
377 347 363
401 360 325
416 339 334
273 340 308
396 351 330
382 354 316
336 330 368
358 380 324
407 348 322
379 340 328
354 340 321
430 340 359
406 316 328
361 348 339
430 335 333
361 323 320
372 310 342
376 361 361
348 315 340
384 340 324
383 359 351
389 368 340
423 322 329
403 350 349
423 395 332
457 333 306
404 340 333
375 340 349
445 371 350
386 344 355
393 375 368
398 361 341
393 348 339
377 320 321
387 339 371
364 343 331
379 343 347
403 343 343
435 353 307
387 367 348
443 324 371
401 356 382
417 333 335
368 343 356
409 348 337
379 376 356
379 316 305
377 348 325
369 375 325
367 360 323
424 322 330
401 360 340
360 393 332
393 337 324
380 334 351
412 337 337
449 349 325
363 372 372
371 335 331
421 325 311
376 337 355
396 361 337
400 320 316
367 336 340
380 340 325
469 332 379
395 342 314
379 318 339
267 294 350
328 301 291
350 344 327
383 349 336
401 340 335
437 342 325
382 350 341
412 322 351
398 347 361
384 331 340
380 360 337
398 348 316
380 339 342
398 310 341
407 321 331
348 320 291
398 313 326
383 331 335
398 332 349
375 317 350
302 323 329
356 363 286
377 345 316
423 342 323
398 354 353
400 349 319
342 316 318
323 313 318
417 355 323
355 323 319
347 330 306
396 349 364
377 328 295
369 310 307
401 349 297
359 322 317
435 331 306
367 342 301
376 323 332
359 335 302
384 315 309
426 319 325
392 314 332
384 358 318
376 349 350
419 383 326
386 348 329
361 360 334
387 337 333
400 317 330
384 337 348
407 345 347
396 359 306
412 354 330
359 296 319
360 322 325
437 356 303
396 327 329
401 345 331
426 315 334
376 308 313
369 342 349
364 327 313
390 313 325
406 307 303
409 350 356
403 350 309
403 313 327
349 344 350
377 328 323
386 335 328
359 313 353
376 358 329
344 302 311
365 349 314
359 328 302
389 358 344
387 343 344
393 303 330
419 313 287
398 328 302
363 330 298
393 343 336
383 329 313
398 326 316
377 348 327
379 344 345
393 335 321
389 323 332
379 361 298
398 343 316
351 340 323
395 330 286
400 334 317
363 324 316
373 333 299
384 325 328
403 325 342
383 319 342
395 336 304
412 303 317
369 304 327
367 318 319
365 342 323
386 320 306
404 312 307
393 329 293
367 333 282
359 307 318
358 321 324
400 334 328
409 332 327
379 331 318
401 339 345
412 299 337
382 337 325
354 299 327
377 324 310
400 307 287
377 333 361
356 324 309
380 330 296
372 310 306
367 317 309
365 341 303
344 348 324
364 325 308
358 350 342
359 305 328
396 322 299
390 323 318
386 305 311
373 329 309
367 369 320
403 325 319
360 325 324
361 322 328
380 323 309
359 331 315
349 349 321
389 345 330
401 330 336
345 345 334
412 313 313
392 333 302
354 306 322
406 315 316
373 328 337
387 330 318
411 313 315
336 311 330
383 324 295
326 331 314
369 344 335
365 326 290
400 355 316
360 320 309
382 306 294
401 316 296
404 295 318
356 329 336
361 316 314
369 318 319
377 310 343
281 307 302
376 332 312
386 333 334
407 400 356
411 345 339
389 342 333
398 345 360
412 332 343
389 290 308
401 379 344
367 343 349
368 329 305
350 284 344
401 324 317
376 328 348
398 336 341
407 354 353
423 342 334
411 345 329
398 356 339
400 333 349
384 356 344
353 344 342
382 340 359
363 340 320
375 335 311
389 348 342
409 337 301
419 360 331
376 367 336
389 356 365
389 355 369
380 305 354
361 337 336
363 339 333
382 365 302
355 353 328
367 303 376
387 368 340
445 333 318
334 348 351
384 332 312
398 335 318
398 310 324
373 342 353
407 356 322
396 359 365
417 351 341
376 341 344
412 345 333
353 342 348
367 336 356
433 345 317
409 345 329
387 345 343
337 347 320
426 322 317
395 315 339
396 398 348
403 361 302
363 310 314
400 351 317
414 361 327
414 360 315
390 339 355
398 344 371
353 325 367
376 317 339
396 342 345
386 351 330
361 361 344
312 329 327
389 330 315
395 328 322
368 356 376
386 384 313
393 355 336
380 339 367
373 345 356
403 342 325
380 342 342
382 364 321
380 333 345
369 329 317
387 312 318
412 343 380
375 340 348
435 360 331
400 369 334
401 365 356
409 361 356
393 337 350
398 342 369
369 371 349
360 368 340
373 336 345
414 364 342
416 356 368
404 364 348
435 369 335
403 354 335
423 371 343
369 350 343
441 375 318
432 365 383
416 344 343
433 363 331
386 355 311
417 400 404
423 361 337
393 365 334
389 364 364
368 355 341
403 364 332
398 361 331
421 347 356
404 372 344
401 360 347
384 358 340
369 392 358
376 344 339
382 354 329
393 326 373
403 312 344
404 375 333
369 407 384
380 351 333
365 367 339
393 371 344
396 334 342
432 351 361
403 353 382
369 342 350
412 339 331
355 334 342
396 326 351
419 373 324
392 351 363
390 356 351
358 345 329
423 372 328
398 368 337
433 339 409
386 356 318
297 326 322
455 336 318
423 368 359
414 382 373
414 377 372
372 317 353
393 332 345
331 345 294
392 337 324
344 364 358
356 349 318
411 349 339
380 379 315
426 351 304
369 334 313
411 329 349
390 349 326
360 332 333
371 320 327
364 345 318
416 364 359
421 342 351
377 324 335
386 353 332
372 327 312
414 348 319
369 330 334
451 358 335
395 323 350
343 336 344
419 340 353
417 327 330
339 342 342
368 360 351
389 356 325
368 301 333
369 336 361
395 369 330
395 317 363
396 327 306
351 336 336
372 316 332
327 314 337
373 345 327
377 360 313
406 310 322
398 369 368
363 345 329
371 373 360
372 339 320
383 354 335
372 358 317
367 310 339
393 309 359
379 349 322
344 351 341
414 334 351
396 369 345
435 324 365
407 365 315
433 407 369
365 355 304
439 326 356
363 326 334
445 365 340
396 339 321
353 325 341
380 302 336
411 315 319
372 319 331
353 336 351
372 339 309
368 328 324
373 344 319
400 326 364
400 345 334
377 347 339
333 334 311
382 312 341
390 351 329
360 328 364
356 339 325
407 354 317
348 340 380
398 392 345
400 347 336
360 339 347
376 350 358
396 368 326
373 327 347
369 319 373
392 351 354
416 323 336
383 349 339
375 324 335
356 361 340
379 312 307
414 330 348
345 337 327
384 380 315
377 353 326
339 348 373
375 395 323
356 347 329
404 367 341
395 360 349
400 347 380
377 331 375
364 360 361
383 332 367
371 331 336
358 347 364
365 350 318
407 332 337
369 321 335
368 349 349
393 319 365
356 337 316
406 350 317
361 361 363
340 326 376
348 329 339
383 348 333
365 325 324
396 363 326
368 351 348
400 318 320
392 371 329
345 341 345
383 325 328
387 343 343
389 345 337
375 343 369
371 334 327
371 350 340
372 333 334
428 356 353
373 349 334
356 372 328
372 353 355
404 334 341
400 341 328
398 337 365
379 323 336
291 328 327
377 328 319
392 358 373
445 412 361
384 376 380
371 361 377
390 348 344
376 344 369
386 342 350
386 376 358
383 364 392
373 313 383
373 359 351
395 334 336
403 379 333
401 351 328
361 358 332
403 356 344
401 358 359
365 395 329
435 363 340
367 333 400
390 358 342
389 369 358
401 344 377
416 379 356
411 368 355
432 350 351
428 359 369
411 343 396
412 392 395
426 354 384
386 359 371
384 369 353
387 359 355
373 324 351
389 347 371
387 339 379
403 389 348
412 382 354
419 356 334
390 359 330
390 351 365
419 384 395
372 406 356
428 364 390
419 447 379
412 329 363
389 368 361
433 353 375
392 372 317
406 316 359
389 344 323
360 332 341
375 354 329
395 363 355
364 383 359
419 387 345
432 384 386
361 321 337
400 351 343
353 334 325
414 342 339
359 375 349
400 365 345
377 337 342
363 351 375
373 351 322
359 336 328
379 373 355
393 354 343
358 371 308
403 337 365
403 369 367
409 359 377
384 393 328
403 332 339
384 376 344
432 335 393
386 369 369
407 380 376
363 348 360
382 365 411
351 365 361
414 375 335
377 350 350
390 334 375
376 361 331
412 384 329
369 353 363
404 380 354
392 377 353
411 407 368
432 363 350
377 345 390
389 355 360
356 351 383
389 396 356
428 361 355
383 369 351
407 382 339
376 364 343
403 322 347
377 343 371
428 375 337
404 358 345
404 364 441
382 379 389
471 372 376
409 369 367
384 375 368
406 389 360
400 364 347
426 350 360
432 376 384
421 341 334
387 333 355
421 384 353
395 360 325
398 364 350
449 421 384
424 377 336
387 409 355
372 341 347
356 380 343
403 364 367
349 384 380
375 364 348
347 344 343
380 343 367
393 351 371
480 382 341
421 375 329
407 387 373
386 358 355
403 353 368
387 363 375
395 355 368
392 361 372
364 356 343
424 358 356
403 386 393
428 368 398
365 367 376
285 325 375
501 443 423
509 467 416
517 483 471
492 411 461
504 447 407
457 400 443
447 457 461
461 414 395
499 424 430
494 441 414
396 435 419
525 483 383
439 379 384
469 471 437
487 419 463
439 504 354
412 414 411
459 451 433
428 426 441
461 463 401
499 478 519
453 428 421
499 389 439
439 469 437
504 455 463
494 497 476
476 476 536
465 457 455
432 426 471
504 463 480
449 419 512
465 364 485
461 447 412
457 395 467
459 411 419
421 416 407
536 439 533
459 453 476
544 395 474
421 380 430
409 463 424
435 390 390
416 423 416
314 407 453
252 376 430
379 461 407
369 355 455
449 412 406
519 449 471
449 435 432
449 416 439
465 380 494
430 417 419
547 467 404
411 455 369
439 403 383
419 441 401
407 419 463
421 400 325
504 453 354
428 403 392
439 417 401
367 387 393
406 455 432
439 376 395
432 480 407
421 361 421
432 358 406
396 435 376
443 389 354
417 424 428
421 433 467
428 407 411
384 356 393
421 461 449
403 383 412
375 411 386
416 384 439
395 377 414
400 416 403
404 421 386
396 401 417
389 457 395
412 401 407
401 380 421
419 403 463
428 390 433
459 384 363
382 373 487
480 382 432
426 419 412
395 371 430
406 417 398
419 406 348
411 396 412
423 386 398
559 455 403
483 412 421
409 412 393
411 430 404
376 455 426
404 400 383
416 403 383
449 414 400
364 377 344
467 387 392
432 426 428
509 421 398
423 447 443
384 428 423
443 387 379
478 443 463
443 441 400
433 449 414
441 424 411
432 379 416
506 504 449
459 476 480
375 433 447
447 447 492
471 428 441
538 439 380
455 453 437
455 461 441
514 447 509
492 553 463
459 437 501
517 517 476
469 485 433
497 512 530
581 568 469
506 648 538
544 547 517
476 550 514
598 465 530
501 506 591
588 547 652
575 506 483
595 509 624
721 648 609
696 550 541
636 721 632
747 736 711
598 538 598
